# Gamma file to fix the colours on the ZX Spectrum core
0
21
28
34
39
43
47
50
53
56
59
61
64
66
69
71
73
75
77
79
81
82
84
86
88
89
91
92
94
95
97
98
100
101
102
104
105
106
108
109
110
112
113
114
115
116
117
119
120
121
122
123
124
125
126
127
128
129
130
131
132
133
134
135
136
137
138
139
140
141
142
143
144
145
146
147
147
148
149
150
151
152
153
153
154
155
156
157
157
158
159
160
161
161
162
163
164
165
165
166
167
168
168
169
170
171
171
172
173
173
174
175
176
176
177
178
178
179
180
180
181
182
183
183
184
185
185
186
186
187
188
188
189
190
190
191
192
192
193
194
194
195
195
196
197
197
198
199
199
200
200
201
202
202
203
203
204
204
205
206
206
207
207
208
209
209
210
210
211
211
212
213
213
214
214
215
215
216
216
217
218
218
219
219
220
220
221
221
222
222
223
223
224
224
225
226
226
227
227
228
228
229
229
230
230
231
231
232
232
233
233
234
234
235
235
236
236
237
237
238
238
239
239
240
240
241
241
241
242
242
243
243
244
244
245
245
246
246
247
247
248
248
249
249
249
250
250
251
251
252
252
253
253
254
254
255
